>> 
>> f = @(n)(1 + 1. / n).^n
f =

@(n) (1 + 1. / n) .^ n

>> k = [1:1:9]
k =

   1   2   3   4   5   6   7   8   9

>> k = [1:1:9]'
k =

   1
   2
   3
   4
   5
   6
   7
   8
   9

>> format long
>> n = 10.^k
n =

           10
          100
         1000
        10000
       100000
      1000000
     10000000
    100000000
   1000000000

>> f(n)
ans =

 Columns 1 through 7:

   1.000000000000000   1.000000000000000   1.000000000000009   1.000000000000100   1.000000000000990   1.000000000009901   1.000000000099001
   1.000000000000000   1.000000000000000   1.000000000000089   1.000000000000999   1.000000000009903   1.000000000099010   1.000000000990008
   1.000000000000000   1.000000000000000   1.000000000000888   1.000000000009992   1.000000000099032   1.000000000990097   1.000000009900081
   1.000000000000000   1.000000000000000   1.000000000008882   1.000000000099920   1.000000000990319   1.000000009900969   1.000000099000812
   1.000000000000000   1.000000000000000   1.000000000088818   1.000000000999201   1.000000009903189   1.000000099009693   1.000000990008556
   1.000000000000000   1.000000000000000   1.000000000888178   1.000000009992007   1.000000099031898   1.000000990097375   1.000009900129660
   1.000000000000000   1.000000000000000   1.000000008881784   1.000000099920076   1.000000990319424   1.000009901017865   1.000099005707280
   1.000000000000000   1.000000000000000   1.000000088817845   1.000000999201212   1.000009903238371   1.000099014590129   1.000990498285125
   1.000000000000000   1.000000000000000   1.000000888178808   1.000009992057048   1.000099036797162   1.000990587192796   1.009949248573786

 Columns 8 and 9:

   1.000000000989999   1.000000009900001
   1.000000009899992   1.000000099000012
   1.000000098999924   1.000000990000564
   1.000000989999681   1.000009900049748
   1.000009900040915   1.000099004908089
   1.000099004819754   1.000990490286096
   1.000990489401961   1.009949167867594
   1.009949158947104   1.104066307758378
   1.104066210240476   2.691234672217393

>> clear;
>> diary off
>> f = @(n)(1 + 1. / n).^n
f =

@(n) (1 + 1. / n) .^ n

>> k = [0:1:9]'
k =

   0
   1
   2
   3
   4
   5
   6
   7
   8
   9

>> format long
>> n = 10 .^ k
n =

            1
           10
          100
         1000
        10000
       100000
      1000000
     10000000
    100000000
   1000000000

>> f(n)
ans =

 Columns 1 through 7:

   1.000000000000000   1.000000000000000   1.000000000000000   1.000000000000001   1.000000000000010   1.000000000000099   1.000000000000990
   1.000000000000000   1.000000000000000   1.000000000000000   1.000000000000009   1.000000000000100   1.000000000000990   1.000000000009901
   1.000000000000000   1.000000000000000   1.000000000000000   1.000000000000089   1.000000000000999   1.000000000009903   1.000000000099010
   1.000000000000000   1.000000000000000   1.000000000000000   1.000000000000888   1.000000000009992   1.000000000099032   1.000000000990097
   1.000000000000000   1.000000000000000   1.000000000000000   1.000000000008882   1.000000000099920   1.000000000990319   1.000000009900969
   1.000000000000000   1.000000000000000   1.000000000000000   1.000000000088818   1.000000000999201   1.000000009903189   1.000000099009693
   1.000000000000000   1.000000000000000   1.000000000000000   1.000000000888178   1.000000009992007   1.000000099031898   1.000000990097375
   1.000000000000000   1.000000000000000   1.000000000000000   1.000000008881784   1.000000099920076   1.000000990319424   1.000009901017865
   1.000000000000000   1.000000000000000   1.000000000000000   1.000000088817845   1.000000999201212   1.000009903238371   1.000099014590129
   1.000000000000000   1.000000000000000   1.000000000000000   1.000000888178808   1.000009992057048   1.000099036797162   1.000990587192796

 Columns 8 through 10:

   1.000000000009900   1.000000000099000   1.000000000990000
   1.000000000099001   1.000000000989999   1.000000009900001
   1.000000000990008   1.000000009899992   1.000000099000012
   1.000000009900081   1.000000098999924   1.000000990000564
   1.000000099000812   1.000000989999681   1.000009900049748
   1.000000990008556   1.000009900040915   1.000099004908089
   1.000009900129660   1.000099004819754   1.000990490286096
   1.000099005707280   1.000990489401961   1.009949167867594
   1.000990498285125   1.009949158947104   1.104066307758378
   1.009949248573786   1.104066210240476   2.691234672217393

>> f = @(n)(1 + 1 ./ n) .^ n
f =

@(n) (1 + 1 ./ n) .^ n

>> f(n)
ans =

   2.000000000000000
   2.593742460100002
   2.704813829421529
   2.716923932235520
   2.718145926824356
   2.718268237197528
   2.718280469156428
   2.718281693980372
   2.718281786395798
   2.718282030814509

>> format
>> 
>> 
>> n = [2:1:11]
n =

    2    3    4    5    6    7    8    9   10   11

>> 
>> 
>> 
>> n = [2:1:11]';
>> a = 1 ./ (n .* (n+2))
a =

   1.2500e-01
   6.6667e-02
   4.1667e-02
   2.8571e-02
   2.0833e-02
   1.5873e-02
   1.2500e-02
   1.0101e-02
   8.3333e-03
   6.9930e-03

>> for i = 1:10
s (i) = sum (a(1:i));
end
>> s'
ans =

   0.1250
   0.1917
   0.2333
   0.2619
   0.2827
   0.2986
   0.3111
   0.3212
   0.3295
   0.3365

>> plot(n,a,'o',n,s,'+')
>> grid on
>> legend('terms','partial sums')
>> print graph_01.png -dpng
>> 
>> 
>> n = [1:1:1000];
>> a = 1 ./ n;
>> sum(a)
ans = 7.4855
>> 
>> function y = f(x)
y = exp (x .^ 2) .* cos (x);
end
>> quad ('f',0,pi/2)
ans = 1.8757
>> quad (exp (x .^ 2) .* cos (x),0,pi/2)
error: 'x' undefined near line 1, column 1
>> f  = @(x) exp (x .^ 2) .* cos (x)
f =

@(x) exp (x .^ 2) .* cos (x)

>> quad (f,0,pi/2)
ans = 1.8757
>> 
>> 
>> function y = f(x)
y = exp (x .^ 2) .* cos (x);
end
>> quad ('f',0,pi/2)
ans = 1.8757
>> 
>> f  = @(x) exp (x .^ 2) .* cos (x)
